80 102 650 692 967 695 130 262 220 335 605 47 204 483 773 406 284 69 542 495 939

>>>>> REC <<<<<
rest = 939 
[80 :102 ][650 :692][695 :967][130 :262][220 :335][47 :605][204 :483][406 :773][69 :284][495 :542]
>>>>> REC <<<<<
rest = NULL
[80 102 :650 692][130 262 :695 967][220 335 :47 605][204 483 :406 773][69 284 :495 542]
>>>>> REC <<<<<
rest = 69 284 495 542 
[80 102 650 692 :130 262 695 967][220 335 47 605 :204 483 406 773]
>>>>> REC <<<<<
rest = NULL
[220 335 47 605 204 483 406 773 :80 102 650 692 130 262 695 967]

>>>>> REV <<<<<
[220 335 47 605 204 483 406 773 :80 102 650 692 130 262 695 967]
main_chain : 80 102 650 692 130 262 695 967
paned : 220 335 47 605 204 483 406 773
result : 220 335 47 605 204 483 406 773 80 102 650 692 130 262 695 967 
220 335 47 605 204 483 406 773 80 102 650 692 130 262 695 967 
>>>>> REV <<<<<
[220 335 47 605 :204 483 406 773 ][80 102 650 692 :130 262 695 967]
main_chain : 204 483 406 773 ,130 262 695 967
paned : 220 335 47 605 ,80 102 650 692 ,69 284 495 542
result : 69 284 495 542 220 335 47 605 80 102 650 692 204 483 406 773 130 262 695 967
69 284 495 542 220 335 47 605 80 102 650 692 204 483 406 773 130 262 695 967
>>>>> REV <<<<<
[69 284 :495 542 ][220 335 :47 605 ][80 102 :650 692 ][204 483 :406 773 ][130 262 :695 967]
main_chain : 495 542 ,47 605 ,650 692 ,406 773 ,695 967
paned : 69 284 ,220 335 ,80 102 ,204 483 ,130 262
result : 80 102 130 262 69 284 220 335 204 483 495 542 47 605 650 692 406 773 695 967
80 102 130 262 69 284 220 335 204 483 495 542 47 605 650 692 406 773 695 967
>>>>> REV <<<<<
[80 :102 ][130 :262 ][69 :284][220 :335][204 :483][495 :542 ][47 :605][650 :692][406 :773][695 :967]
main_chain : 102 ,262 ,284 ,335 ,483 ,542 ,605 ,692 ,773 ,967
paned : 80 ,130 ,69 ,220 ,204 ,495 ,47 ,650 ,406 ,695 ,939
result : 47 69 80 102 130 204 220 262 284 335 406 483 495 542 605 650 692 695 773 939 967
47 69 80 102 130 204 220 262 284 335 406 483 495 542 605 650 692 695 773 939 967


result
47 69 80 102 130 204 220 262 284 335 406 483 495 542 605 650 692 695 773 939 967
comparison : 76