>>>>> REC <<<<<
>>>>> REC <<<<<
>>>>> REC <<<<<
>>>>> REC <<<<<
>>>>> REC <<<<<
>>>>> REC <<<<<
>>>>> REC <<<<<
>>>>> REC <<<<<
>>>>> REC <<<<<
>>>>> REC <<<<<
>>>>> REC <<<<<
>>>>> REV <<<<<
>>>>> REV <<<<<
start	: 3
end	: 2

idx = 2
140188 223813 109952 236485 213978 586753 50907 632199 106810 550403 645190 697869 358327 761745 203919 846901 29414 485266 304976 506633 108791 688567 433304 847106 573691 671660 336686 705610 71496 489071 84621 860074 500891 615225 191848 848388 5436 822969 246387 857536 237698 766370 538143 798260 241171 544398 702898 863280 21891 374427 47822 537928 217458 355820 242770 613756 29697 721374 330458 805348 300502 552805 290619 951633 275778 464386 304035 530486 134063 544255 565864 698619 58766 662048 413177 669140 66286 496540 570121 700925 130116 243540 275859 499584 36786 716022 295311 851654 81442 576012 8261 745842 623119 637944 731188 951710 220136 435760 241380 460501 502140 924140 559062 978008 202326 311276 688287 759054 16231 191819 213393 979173 44519 369511 322206 395057 77319 170492 171714 777679 531200 670397 795859 826537 285006 354257 765452 985777 212039 655675 503407 800029 512539 745474 415019 835977 296867 747302 565243 793335 441190 658313 274314 886926 317637 413204 506884 801919 369504 571880 71453 874965 205748 667204 746339 916468 186608 323369 255262 929074 113392 381408 170548 581699 147207 648152 447438 757436 70897 268610 465222 876915 307425 345259 799025 924441 367604 431643 344699 600671 121454 380853 466120 609967 143241 342322 299344 571179 18236 533960 655160 979438 104908 504716 8103 688557 814081 900684 79686 928589 375392 748266 265861 982552 632729 868783 23816 987649 133368 297575 72919 944155 240600 271370 922438 961163 416232 576198 258015 860451 894151 913913 672961 988997 291007 554368 412001 742592 41879 647191 842527 913995 55587 255966 20859 394581 3146 114496 240786 959071 55769 736037 116482 949673 227680 941570 353131 986970 220160 545755 390132 612280 103493 969326 356664 993573 580566 831439 601704 839959 21283 198533 476994 891517 18349 665169 369938 801825 131799 625453 929287 942287 50924 624988 651625 798985 652327 672622 361316 825984 105927 419361 111139 920225 462400 911972 21163 944915 346680 575841 549256 694107 120706 528917 142869 802273 25531 411596 452581 661728 149965 754803 165431 918533 132646 268887 224970 477016 162212 292760 30830 680541 267781 546820 441879 594354 133642 841371 420107 963499 470392 656774 602597 735205 252207 393212 397980 776845 19575 672770 229216 727113 330783 759708 222381 885871 100549 640692 639316 666210 32981 323727 131331 805464 249787 703574 669949 703844 488086 549178 640386 925836 322896 350492 295374 551459 326985 571175 176343 577880 465767 766790 700869 883360 256909 912913 343269 961253 63183 446732 555300 672202 590292 869253 159149 886558 69935 305069 436187 772066 830945 968253 732646 973122 172011 356826 167158 451615 739117 810150 421332 896712 247980 348878 170996 606456 541275 863001 448274 979886 173319 368772 502574 608126 292575 678581 785109 911937 92079 594288 452728 961336 320234 914443 402794 990285 208830 541820 490124 552810 356365 433259 149481 860247 41064 426192 186734 902477 446467 910576 261157 982537 14509 188975 314122 390574 133915 647959 282448 907387 242330 633630 883993 895834 454570 646765 315066 997177 131681 249092 391495 560076 178788 407193 115080 615724 142755 533894 498619 563812 693345 723505 651565 757520 223816 268471 104104 493288 132647 351360 478860 956932 456915 619651 541029 707834 93474 268699 114096 988414 378003 436517 484524 528310 42487 87679 129836 799028 40764 45965 127873 720617 261775 340407 24083 801774 284545 582061 501842 645168 652339 755279 813764 909814 112488 419419 338160 845857 128282 418421 180584 998401 
idx = 1
131310 176533 257586 273560 22479 725222 298671 888793 167791 533560 635713 686285 254551 392457 812970 924390 176069 556635 140618 658776 73317 755721 81040 848929 73994 769469 698683 786012 470783 553761 585394 928229 353344 462287 364822 515934 68624 130206 649372 784089 100481 416144 536315 625003 156632 302481 382067 927008 526 521538 116169 680934 441073 907916 263967 913184 638583 668898 595222 779127 374492 635644 229473 970511 30396 428282 817942 930954 44815 864523 212155 935278 94685 388235 158904 404024 38116 591765 741680 951712 492655 539312 262233 837537 190118 813784 446852 866801 344189 578789 344273 652288 668858 793315 591149 969093 317913 353442 381371 453884 536108 561280 609474 664431 262638 304108 543631 562154 202835 874757 123301 923913 75397 387959 241652 802647 515669 581273 611652 917620 225307 542587 293091 857894 130437 639181 592325 992127 6252 161315 490804 609229 152609 271478 452254 667807 61242 296102 391248 809044 6769 65085 686714 878409 306195 356132 539723 582036 179515 516896 506102 584817 277759 484307 286896 804027 72428 727194 243723 891378 114868 724145 812363 829042 78471 860064 817522 900566 674124 836835 467571 907367 223761 837740 184873 913613 101989 310396 293928 330082 44318 353108 853609 919326 86192 291269 438103 656829 48233 152636 274931 941769 165674 274271 501135 642223 247365 314666 444835 906955 632355 686971 800588 874765 66730 113377 856892 955724 227183 596620 422284 639843 192774 441571 160436 939721 574157 898677 965649 967546 431374 440700 451485 971240 246416 342054 525396 533406 455557 457121 482152 922199 427503 727556 757919 859978 70722 630765 5922 936907 236189 423860 174987 506837 250983 918634 978084 986794 33958 73963 298801 956313 293440 955397 399433 995098 127555 199100 437294 493619 20362 393973 637113 772223 329716 526829 111661 531623 629518 664573 652475 886355 298489 379674 51601 828882 190200 227765 333019 915662 18782 594937 159946 653610 428000 888634 453582 937953 337769 466315 406698 763500 292054 749997 50581 858418 277202 694289 801123 869415 304343 784489 228180 906957 517771 535226 15547 592610 34225 593989 55883 618062 59330 132094 289513 613970 644331 668771 42252 953081 481084 559566 359072 723309 176020 522655 376944 857206 245487 492141 467676 884654 301881 823671 725663 935441 96140 406508 422506 553317 333519 469980 154977 597436 457162 471216 98299 948913 338585 944479 192025 968902 125409 209004 302078 673186 416032 841856 696789 845487 512023 862737 733313 866439 454609 533912 399680 952422 280429 759865 780411 829056 675560 700760 529196 884018 202130 616530 186844 965215 252669 952499 274389 981013 521729 644832 456460 814415 591215 771016 594772 840823 440792 597942 201537 782409 537792 658961 714423 914862 183365 777897 669425 780766 325749 914412 242436 918670 611537 671741 730497 806136 214776 462787 298142 979758 266966 273184 26558 574176 307499 801656 640661 952547 438060 801114 801742 806696 218322 958176 945309 977746 417611 435397 36201 480268 306983 328553 21066 800337 439684 542123 34208 617909 594170 925958 546871 980663 71380 146031 316650 656431 203974 573805 583565 756168 516390 745647 260259 787445 238512 346924 420806 797685 176324 418340 469938 514769 10016 256965 848414 893696 437 95752 90052 220635 267278 854843 883083 994060 173271 371940 411083 441170 55450 59949 290409 644655 290149 322527 171689 446248 158507 398718 449428 724160 100440 242523 300594 391154 324921 645324 454685 930790 167428 561507 556880 862766 230751 817286 745703 998795 
start	: 3
end	: 4

>>>>> REV <<<<<
start	: 3
end	: 2

idx = 2
495249 632309 88973 748986 129702 212602 444589 787178 53228 526655 140667 662759 57620 430142 628995 794759 161278 645306 534321 689156 477695 778029 565306 833656 77592 190625 217881 532629 149899 561945 571307 876038 236432 366424 597869 771977 154924 311398 178978 844065 108278 126100 512669 663521 160985 798371 221404 902048 233589 390125 289458 610067 654907 673060 55273 757164 438302 441627 727701 785506 51546 101013 347355 945623 248157 252867 387530 608682 195318 554670 228704 800734 756 17162 780664 803708 365575 507978 364990 874377 416817 556934 508036 599996 128107 319529 3150 655586 332400 775911 126853 805609 476716 881572 200589 973272 539701 581616 115792 636260 553378 694350 769636 824459 109662 756425 301245 837424 353716 606144 529129 866785 697767 771530 101719 778232 49660 77644 370481 917108 172574 693886 14794 952456 535972 969196 115309 981142 23040 164541 21559 664234 12604 212545 596131 747762 212295 586839 693627 712630 586005 658010 357902 932492 580668 592533 663263 811398 220337 362170 729344 868602 48875 489487 238191 497959 31393 942373 561445 991750 487513 648412 289239 776471 185829 521996 555568 798123 49100 381489 55000 706041 559742 760214 632764 944663 277055 332816 207636 545694 564782 852451 90202 854915 183336 337756 51900 853764 148531 902402 129217 992798 199972 722550 715567 759401 203942 481196 660893 805140 9230 471156 355884 714366 386590 698913 85699 862360 162168 196681 623594 826222 719709 757546 646028 854979 268075 334060 168365 570632 252457 837298 379339 883786 16750 145537 145598 345535 379379 696113 111597 766373 705111 862192 33062 917270 798762 845962 8334 991988 40640 673651 913708 962565 726130 979654 127630 989356 282561 598372 372604 633455 439633 934341 341722 998951 
idx = 1
131310 176533 257586 273560 22479 725222 298671 888793 167791 533560 635713 686285 254551 392457 812970 924390 176069 556635 140618 658776 73317 755721 81040 848929 73994 769469 698683 786012 470783 553761 585394 928229 353344 462287 364822 515934 68624 130206 649372 784089 100481 416144 536315 625003 156632 302481 382067 927008 526 521538 116169 680934 441073 907916 263967 913184 638583 668898 595222 779127 374492 635644 229473 970511 30396 428282 817942 930954 44815 864523 212155 935278 94685 388235 158904 404024 38116 591765 741680 951712 492655 539312 262233 837537 190118 813784 446852 866801 344189 578789 344273 652288 668858 793315 591149 969093 317913 353442 381371 453884 536108 561280 609474 664431 262638 304108 543631 562154 202835 874757 123301 923913 75397 387959 241652 802647 515669 581273 611652 917620 225307 542587 293091 857894 130437 639181 592325 992127 6252 161315 490804 609229 152609 271478 452254 667807 61242 296102 391248 809044 6769 65085 686714 878409 306195 356132 539723 582036 179515 516896 506102 584817 277759 484307 286896 804027 72428 727194 243723 891378 114868 724145 812363 829042 78471 860064 817522 900566 674124 836835 467571 907367 223761 837740 184873 913613 101989 310396 293928 330082 44318 353108 853609 919326 86192 291269 438103 656829 48233 152636 274931 941769 165674 274271 501135 642223 247365 314666 444835 906955 632355 686971 800588 874765 66730 113377 856892 955724 227183 596620 422284 639843 192774 441571 160436 939721 574157 898677 965649 967546 431374 440700 451485 971240 246416 342054 525396 533406 455557 457121 482152 922199 427503 727556 757919 859978 70722 630765 5922 936907 236189 423860 174987 506837 250983 918634 978084 986794 33958 73963 298801 956313 293440 955397 399433 995098 
start	: 5
end	: 4

idx = 4
207015 317428 288320 476014 275708 638017 607424 883825 336015 567270 431938 712162 26063 726055 79741 888673 234471 328088 600602 789210 81398 602764 670781 936457 65488 634931 407564 737237 431270 651082 570661 949544 47065 478148 715052 726423 86895 514496 697692 761834 244044 648656 335220 828200 166510 732005 553359 864313 427018 549457 93738 663752 48191 408183 444751 777248 139980 298538 190865 536313 301526 841286 752975 958798 151812 449571 252268 562304 299195 488571 504216 704605 531125 857553 647489 863859 492871 649197 791034 936021 77822 608369 131657 695331 29606 513771 855005 914466 311536 696018 165118 778609 89426 635767 935761 971690 504749 712904 369503 764244 592706 689893 696544 949407 163120 253138 681254 694964 197880 472936 230732 961505 436973 436982 718062 927565 106989 535294 522313 944667 25886 97497 31913 776770 279156 911859 140115 987472 47092 142605 313291 869188 552554 600777 447781 936496 193547 730389 246131 917788 296976 684616 160040 948977 185738 271545 45791 466197 692554 801652 743563 862959 436966 546447 254407 736105 368901 807630 144590 984352 499494 569038 174219 739484 560549 629117 637233 874632 739675 742425 142778 901741 15211 870916 904130 947057 379689 626985 740093 866484 67021 355983 558427 896794 355026 461662 125248 607766 53671 242537 691517 993840 7572 249242 428301 646185 52530 493335 88640 859460 384169 694012 327817 711171 4693 261448 205474 870113 306867 527695 114599 760014 86261 514504 181758 782717 29813 696141 145899 809133 523806 657183 526430 870536 92259 436848 60052 656368 628694 664526 77361 842386 133126 212824 792604 793665 399298 672667 28666 869382 80995 243283 510475 794525 234972 238053 418021 882227 80412 407322 917531 922655 347465 841696 891982 995730 
idx = 3
252918 335222 160603 369400 104882 648108 159029 678982 44510 321061 489027 773193 119348 544271 729647 782582 333195 520352 807125 859156 433893 772422 380071 908533 613781 672799 532199 818228 707202 727405 127641 923422 150830 427474 483246 539244 353228 632878 240078 766119 120393 131010 608342 858360 256524 937027 703918 980956 32356 298760 86629 731136 264235 546619 351267 937700 268825 704160 449889 878433 13859 833436 146559 992586 201284 205760 268308 272926 64595 286434 363334 760951 153803 512705 152603 582647 172600 596091 677305 831476 38852 378805 425389 595642 44120 798719 380569 822885 500718 552025 484275 902349 49842 552458 750823 988306 305735 320766 407545 442246 731478 793039 225062 850056 480366 603649 85258 643358 743098 893507 755131 930270 136584 746111 388626 818214 130585 599237 227877 865901 56746 516023 247339 945594 108722 664164 709299 994155 219351 675478 87008 687802 403021 694647 46923 712756 237526 334525 414677 415956 285367 551163 831455 853453 387235 498474 438129 778846 787735 788065 93986 868798 46556 598159 696634 876701 281912 714857 726449 968975 13447 127225 84722 460251 428137 464233 31318 659865 257451 318786 180730 843842 84881 884199 94517 924317 146232 242096 35905 796728 319071 554818 700707 834950 497926 777892 530425 930855 503538 753504 857931 996408 36784 418255 298866 658443 86393 678171 230385 830927 312288 623686 641736 860892 110587 928471 773914 950328 125400 570829 529974 615919 591014 614646 632114 641077 151418 365855 355990 394898 729618 842822 282972 955285 247914 306401 517486 694358 88422 548424 493529 743973 150419 623988 435463 905635 312926 405012 497664 915588 375553 583417 404601 610674 405240 510192 345569 909385 789670 859694 643387 926217 263273 492899 170729 998599 
start	: 6
end	: 6

idx = 5
114428 353421 101308 887523 6677 418328 857528 949668 256399 507685 608740 617168 201875 824282 67899 952512 471213 474553 62356 492659 120428 213929 334288 668517 387924 707156 175306 871760 866431 914520 551753 952556 247537 275038 458922 498683 16768 325070 500542 719497 129067 498857 579466 688514 83437 769624 665461 953331 135057 694134 597499 735934 214334 645647 262685 835377 13905 175540 86828 831681 468064 806606 463992 986339 38729 709089 18703 786569 187284 505842 613353 791467 70720 96849 132657 675444 219253 467266 499675 884420 156711 173588 150717 347605 455398 603520 77628 885028 409929 415079 334443 486513 393746 857538 417451 891831 323153 435244 286609 445623 145219 433408 223767 478354 75970 225888 38356 530231 699471 710051 307608 714457 249521 700823 355539 750109 615778 679662 133114 974514 568155 569559 790798 809630 193778 761269 544490 986846 2234 473706 576585 824249 437521 691086 2461 901822 70811 553860 611119 776818 23276 358007 173772 918443 110171 366984 167132 483881 74474 774895 664387 844769 198240 642274 542205 910389 15222 931954 291333 939041 86374 372682 418688 769610 319534 709703 550213 946210 929009 939760 256254 940710 203635 772253 870991 950467 190577 296409 648327 691763 265301 641302 757495 958334 319431 704271 11830 826321 901864 963048 530197 975471 260717 480822 230703 701358 347243 777311 605381 778355 339704 452368 418696 675553 194324 353311 737411 871883 34439 40616 603081 744267 53482 431338 302131 850366 78928 532474 648499 912670 20396 21609 762272 982190 374796 412668 162845 643282 508263 533417 5888 720552 39230 58151 239395 664919 338955 705650 618212 919191 273492 360383 793449 819758 97479 415968 706014 974058 152013 185698 527925 983499 145230 860868 890708 998596 
start	: 6
end	: 12

start	: 6
end	: 22

>>>>> REV <<<<<
start	: 3
end	: 2

idx = 2
207015 317428 288320 476014 275708 638017 607424 883825 336015 567270 431938 712162 26063 726055 79741 888673 234471 328088 600602 789210 81398 602764 670781 936457 65488 634931 407564 737237 431270 651082 570661 949544 47065 478148 715052 726423 86895 514496 697692 761834 244044 648656 335220 828200 166510 732005 553359 864313 427018 549457 93738 663752 48191 408183 444751 777248 139980 298538 190865 536313 301526 841286 752975 958798 151812 449571 252268 562304 299195 488571 504216 704605 531125 857553 647489 863859 492871 649197 791034 936021 77822 608369 131657 695331 29606 513771 855005 914466 311536 696018 165118 778609 89426 635767 935761 971690 504749 712904 369503 764244 592706 689893 696544 949407 163120 253138 681254 694964 197880 472936 230732 961505 436973 436982 718062 927565 106989 535294 522313 944667 25886 97497 31913 776770 279156 911859 140115 987472 
idx = 1
131310 176533 257586 273560 22479 725222 298671 888793 167791 533560 635713 686285 254551 392457 812970 924390 176069 556635 140618 658776 73317 755721 81040 848929 73994 769469 698683 786012 470783 553761 585394 928229 353344 462287 364822 515934 68624 130206 649372 784089 100481 416144 536315 625003 156632 302481 382067 927008 526 521538 116169 680934 441073 907916 263967 913184 638583 668898 595222 779127 374492 635644 229473 970511 30396 428282 817942 930954 44815 864523 212155 935278 94685 388235 158904 404024 38116 591765 741680 951712 492655 539312 262233 837537 190118 813784 446852 866801 344189 578789 344273 652288 668858 793315 591149 969093 317913 353442 381371 453884 536108 561280 609474 664431 262638 304108 543631 562154 202835 874757 123301 923913 75397 387959 241652 802647 515669 581273 611652 917620 225307 542587 293091 857894 130437 639181 592325 992127 
start	: 5
end	: 4

idx = 4
114428 353421 101308 887523 6677 418328 857528 949668 256399 507685 608740 617168 201875 824282 67899 952512 471213 474553 62356 492659 120428 213929 334288 668517 387924 707156 175306 871760 866431 914520 551753 952556 247537 275038 458922 498683 16768 325070 500542 719497 129067 498857 579466 688514 83437 769624 665461 953331 135057 694134 597499 735934 214334 645647 262685 835377 13905 175540 86828 831681 468064 806606 463992 986339 38729 709089 18703 786569 187284 505842 613353 791467 70720 96849 132657 675444 219253 467266 499675 884420 156711 173588 150717 347605 455398 603520 77628 885028 409929 415079 334443 486513 393746 857538 417451 891831 323153 435244 286609 445623 145219 433408 223767 478354 75970 225888 38356 530231 699471 710051 307608 714457 249521 700823 355539 750109 615778 679662 133114 974514 568155 569559 790798 809630 193778 761269 544490 986846 
idx = 3
580566 831439 601704 839959 21283 198533 476994 891517 18349 665169 369938 801825 131799 625453 929287 942287 50924 624988 651625 798985 652327 672622 361316 825984 105927 419361 111139 920225 462400 911972 21163 944915 346680 575841 549256 694107 120706 528917 142869 802273 25531 411596 452581 661728 149965 754803 165431 918533 132646 268887 224970 477016 162212 292760 30830 680541 267781 546820 441879 594354 133642 841371 420107 963499 470392 656774 602597 735205 252207 393212 397980 776845 19575 672770 229216 727113 330783 759708 222381 885871 100549 640692 639316 666210 32981 323727 131331 805464 249787 703574 669949 703844 488086 549178 640386 925836 322896 350492 295374 551459 326985 571175 176343 577880 465767 766790 700869 883360 256909 912913 343269 961253 63183 446732 555300 672202 590292 869253 159149 886558 69935 305069 436187 772066 830945 968253 732646 973122 
start	: 11
end	: 6

idx = 10
228437 367623 475879 641737 656694 787756 402861 921872 264498 579696 636896 743965 889301 903722 128139 925832 590233 600511 692561 762431 255758 755339 253139 890389 116756 843599 227768 902401 482487 858754 198226 948426 77355 129317 52136 396826 187211 199128 212792 682957 267936 338621 52148 604037 79865 158241 322938 929849 3396 242033 6644 746496 518135 743777 719673 961487 178342 188645 197112 298529 39780 497372 16748 994698 49941 106700 190227 631943 381801 492510 750215 766141 309341 340632 573904 635577 120273 693461 69356 878385 255676 322337 188262 898786 773449 879330 793970 951996 64169 568527 251098 662855 330311 834278 472218 967355 429998 501408 310405 636039 13092 114806 420357 790559 324806 361496 32579 507849 113152 626375 55942 838683 42592 165446 304141 376872 133899 451895 715220 948860 358497 472442 36949 583596 106558 457459 964316 996962 
idx = 9
233592 747474 218559 834084 627319 678766 691787 903993 258585 798792 92481 821287 366992 402792 630906 926626 508827 618790 576692 630880 80918 223427 339493 888004 58499 214727 416896 948519 277443 489454 351022 949057 200169 231124 126026 400605 156358 185355 587456 692717 114379 220737 487511 727765 232025 502089 86481 829307 374180 410079 158977 501166 607233 710766 455624 843298 494613 723597 12568 906540 412016 839194 73637 968078 256177 774476 527904 855127 742909 747155 785189 875695 749511 806259 834144 870488 511870 915223 666034 935011 232576 405884 291194 689769 88576 446370 197760 754640 634002 821239 693316 945722 96000 890862 57716 951309 748598 795373 25076 955800 659660 963416 113786 979430 597640 614365 36620 737694 200534 825254 138430 981648 36827 68829 149906 321562 89178 516612 494678 631383 42967 58378 425596 863265 299511 343477 155473 988627 
idx = 8
408102 493218 645673 714837 359111 744780 533973 821382 169952 269233 373858 551400 690103 841459 683434 881256 213726 679367 640987 701322 25971 607318 556440 790105 811263 815275 51193 903478 175292 835384 202702 910310 285776 797152 710779 919957 520124 730216 209010 935168 281038 567825 688418 886067 15973 696165 24828 969420 573399 682255 711995 858322 49508 422658 305569 916717 228037 819625 388457 961215 371264 845576 43478 973515 145250 322557 340855 398915 65729 158269 129255 409603 442944 637878 297780 687354 38238 241203 249483 898095 127332 410068 563897 706237 336801 912542 578641 918800 878648 982381 308122 988053 702970 747886 748538 991960 177798 330497 89996 350076 20048 82009 137167 921207 383006 653496 81147 735519 24826 617127 142730 934008 182408 585418 295884 704644 349350 513038 334365 826124 246127 807091 371510 971195 878369 968694 823268 993855 
idx = 7
495249 632309 88973 748986 129702 212602 444589 787178 53228 526655 140667 662759 57620 430142 628995 794759 161278 645306 534321 689156 477695 778029 565306 833656 77592 190625 217881 532629 149899 561945 571307 876038 236432 366424 597869 771977 154924 311398 178978 844065 108278 126100 512669 663521 160985 798371 221404 902048 233589 390125 289458 610067 654907 673060 55273 757164 438302 441627 727701 785506 51546 101013 347355 945623 248157 252867 387530 608682 195318 554670 228704 800734 756 17162 780664 803708 365575 507978 364990 874377 416817 556934 508036 599996 128107 319529 3150 655586 332400 775911 126853 805609 476716 881572 200589 973272 539701 581616 115792 636260 553378 694350 769636 824459 109662 756425 301245 837424 353716 606144 529129 866785 697767 771530 101719 778232 49660 77644 370481 917108 172574 693886 14794 952456 535972 969196 115309 981142 
idx = 6
127555 199100 437294 493619 20362 393973 637113 772223 329716 526829 111661 531623 629518 664573 652475 886355 298489 379674 51601 828882 190200 227765 333019 915662 18782 594937 159946 653610 428000 888634 453582 937953 337769 466315 406698 763500 292054 749997 50581 858418 277202 694289 801123 869415 304343 784489 228180 906957 517771 535226 15547 592610 34225 593989 55883 618062 59330 132094 289513 613970 644331 668771 42252 953081 481084 559566 359072 723309 176020 522655 376944 857206 245487 492141 467676 884654 301881 823671 725663 935441 96140 406508 422506 553317 333519 469980 154977 597436 457162 471216 98299 948913 338585 944479 192025 968902 125409 209004 302078 673186 416032 841856 696789 845487 512023 862737 733313 866439 454609 533912 399680 952422 280429 759865 780411 829056 675560 700760 529196 884018 202130 616530 186844 965215 252669 952499 274389 981013 
idx = 5
252918 335222 160603 369400 104882 648108 159029 678982 44510 321061 489027 773193 119348 544271 729647 782582 333195 520352 807125 859156 433893 772422 380071 908533 613781 672799 532199 818228 707202 727405 127641 923422 150830 427474 483246 539244 353228 632878 240078 766119 120393 131010 608342 858360 256524 937027 703918 980956 32356 298760 86629 731136 264235 546619 351267 937700 268825 704160 449889 878433 13859 833436 146559 992586 201284 205760 268308 272926 64595 286434 363334 760951 153803 512705 152603 582647 172600 596091 677305 831476 38852 378805 425389 595642 44120 798719 380569 822885 500718 552025 484275 902349 49842 552458 750823 988306 305735 320766 407545 442246 731478 793039 225062 850056 480366 603649 85258 643358 743098 893507 755131 930270 136584 746111 388626 818214 130585 599237 227877 865901 56746 516023 247339 945594 108722 664164 709299 994155 
start	: 12
end	: 12

idx = 11
125234 125972 213292 508987 493408 507495 765086 827645 10770 78162 42034 312020 64685 134157 545766 902135 240097 648893 126594 666879 569562 658967 616565 825561 198892 562622 685370 845066 232810 843906 897556 947955 205242 401663 511205 552706 86759 634390 45491 657849 188415 320775 328406 543391 4345 52797 270012 763639 33775 329094 72976 461644 20332 266783 189410 912669 58930 342536 263257 760740 167970 488256 183724 972699 56582 215210 282388 330197 575516 598640 511437 707504 26564 30229 56756 615766 592003 595517 874383 874442 116472 483694 272221 624162 416390 819260 129667 840000 15070 290544 87402 599743 423013 578803 617817 916890 429495 481735 537800 713014 546385 744815 580684 897327 381742 592414 736941 871288 162639 779278 865891 957406 215260 643031 58832 955553 263442 358998 943503 957424 49558 875928 112251 926370 15334 925951 975319 988086 
start	: 12
end	: 22

start	: 12
end	: 44

start	: 12
end	: 86

start	: 12
end	: 172

start	: 12
end	: 342

start	: 12
end	: 684

start	: 12
end	: 1366

>>>>> REV <<<<<
start	: 3
end	: 2

idx = 2
495249 632309 88973 748986 129702 212602 444589 787178 53228 526655 140667 662759 57620 430142 628995 794759 161278 645306 534321 689156 477695 778029 565306 833656 77592 190625 217881 532629 149899 561945 571307 876038 236432 366424 597869 771977 154924 311398 178978 844065 108278 126100 512669 663521 160985 798371 221404 902048 233589 390125 289458 610067 654907 673060 55273 757164 438302 441627 727701 785506 51546 101013 347355 945623 
idx = 1
127555 199100 437294 493619 20362 393973 637113 772223 329716 526829 111661 531623 629518 664573 652475 886355 298489 379674 51601 828882 190200 227765 333019 915662 18782 594937 159946 653610 428000 888634 453582 937953 337769 466315 406698 763500 292054 749997 50581 858418 277202 694289 801123 869415 304343 784489 228180 906957 517771 535226 15547 592610 34225 593989 55883 618062 59330 132094 289513 613970 644331 668771 42252 953081 
start	: 5
end	: 4

idx = 4
114428 353421 101308 887523 6677 418328 857528 949668 256399 507685 608740 617168 201875 824282 67899 952512 471213 474553 62356 492659 120428 213929 334288 668517 387924 707156 175306 871760 866431 914520 551753 952556 247537 275038 458922 498683 16768 325070 500542 719497 129067 498857 579466 688514 83437 769624 665461 953331 135057 694134 597499 735934 214334 645647 262685 835377 13905 175540 86828 831681 468064 806606 463992 986339 
idx = 3
140188 223813 109952 236485 213978 586753 50907 632199 106810 550403 645190 697869 358327 761745 203919 846901 29414 485266 304976 506633 108791 688567 433304 847106 573691 671660 336686 705610 71496 489071 84621 860074 500891 615225 191848 848388 5436 822969 246387 857536 237698 766370 538143 798260 241171 544398 702898 863280 21891 374427 47822 537928 217458 355820 242770 613756 29697 721374 330458 805348 300502 552805 290619 951633 
start	: 11
end	: 6

idx = 10
408102 493218 645673 714837 359111 744780 533973 821382 169952 269233 373858 551400 690103 841459 683434 881256 213726 679367 640987 701322 25971 607318 556440 790105 811263 815275 51193 903478 175292 835384 202702 910310 285776 797152 710779 919957 520124 730216 209010 935168 281038 567825 688418 886067 15973 696165 24828 969420 573399 682255 711995 858322 49508 422658 305569 916717 228037 819625 388457 961215 371264 845576 43478 973515 
idx = 9
212039 655675 503407 800029 512539 745474 415019 835977 296867 747302 565243 793335 441190 658313 274314 886926 317637 413204 506884 801919 369504 571880 71453 874965 205748 667204 746339 916468 186608 323369 255262 929074 113392 381408 170548 581699 147207 648152 447438 757436 70897 268610 465222 876915 307425 345259 799025 924441 367604 431643 344699 600671 121454 380853 466120 609967 143241 342322 299344 571179 18236 533960 655160 979438 
idx = 8
131310 176533 257586 273560 22479 725222 298671 888793 167791 533560 635713 686285 254551 392457 812970 924390 176069 556635 140618 658776 73317 755721 81040 848929 73994 769469 698683 786012 470783 553761 585394 928229 353344 462287 364822 515934 68624 130206 649372 784089 100481 416144 536315 625003 156632 302481 382067 927008 526 521538 116169 680934 441073 907916 263967 913184 638583 668898 595222 779127 374492 635644 229473 970511 
idx = 7
233592 747474 218559 834084 627319 678766 691787 903993 258585 798792 92481 821287 366992 402792 630906 926626 508827 618790 576692 630880 80918 223427 339493 888004 58499 214727 416896 948519 277443 489454 351022 949057 200169 231124 126026 400605 156358 185355 587456 692717 114379 220737 487511 727765 232025 502089 86481 829307 374180 410079 158977 501166 607233 710766 455624 843298 494613 723597 12568 906540 412016 839194 73637 968078 
idx = 6
125234 125972 213292 508987 493408 507495 765086 827645 10770 78162 42034 312020 64685 134157 545766 902135 240097 648893 126594 666879 569562 658967 616565 825561 198892 562622 685370 845066 232810 843906 897556 947955 205242 401663 511205 552706 86759 634390 45491 657849 188415 320775 328406 543391 4345 52797 270012 763639 33775 329094 72976 461644 20332 266783 189410 912669 58930 342536 263257 760740 167970 488256 183724 972699 
idx = 5
207015 317428 288320 476014 275708 638017 607424 883825 336015 567270 431938 712162 26063 726055 79741 888673 234471 328088 600602 789210 81398 602764 670781 936457 65488 634931 407564 737237 431270 651082 570661 949544 47065 478148 715052 726423 86895 514496 697692 761834 244044 648656 335220 828200 166510 732005 553359 864313 427018 549457 93738 663752 48191 408183 444751 777248 139980 298538 190865 536313 301526 841286 752975 958798 
start	: 21
end	: 12

idx = 20
206361 410247 491618 866357 385094 443246 416339 919366 56398 95163 813379 920245 201907 286122 313596 922474 569875 779346 338078 829829 711003 923033 829649 943021 139302 812711 680182 859945 78357 124270 679123 944085 163239 505728 196024 591285 412059 566979 173220 595051 318798 411322 492897 644779 160228 405923 569612 963242 298157 341511 261864 899127 18110 315010 363941 967235 459965 797494 395027 933776 381085 932374 697510 971464 
idx = 19
23040 164541 21559 664234 12604 212545 596131 747762 212295 586839 693627 712630 586005 658010 357902 932492 580668 592533 663263 811398 220337 362170 729344 868602 48875 489487 238191 497959 31393 942373 561445 991750 487513 648412 289239 776471 185829 521996 555568 798123 49100 381489 55000 706041 559742 760214 632764 944663 277055 332816 207636 545694 564782 852451 90202 854915 183336 337756 51900 853764 148531 902402 129217 992798 
idx = 18
521729 644832 456460 814415 591215 771016 594772 840823 440792 597942 201537 782409 537792 658961 714423 914862 183365 777897 669425 780766 325749 914412 242436 918670 611537 671741 730497 806136 214776 462787 298142 979758 266966 273184 26558 574176 307499 801656 640661 952547 438060 801114 801742 806696 218322 958176 945309 977746 417611 435397 36201 480268 306983 328553 21066 800337 439684 542123 34208 617909 594170 925958 546871 980663 
idx = 17
219351 675478 87008 687802 403021 694647 46923 712756 237526 334525 414677 415956 285367 551163 831455 853453 387235 498474 438129 778846 787735 788065 93986 868798 46556 598159 696634 876701 281912 714857 726449 968975 13447 127225 84722 460251 428137 464233 31318 659865 257451 318786 180730 843842 84881 884199 94517 924317 146232 242096 35905 796728 319071 554818 700707 834950 497926 777892 530425 930855 503538 753504 857931 996408 
idx = 16
2234 473706 576585 824249 437521 691086 2461 901822 70811 553860 611119 776818 23276 358007 173772 918443 110171 366984 167132 483881 74474 774895 664387 844769 198240 642274 542205 910389 15222 931954 291333 939041 86374 372682 418688 769610 319534 709703 550213 946210 929009 939760 256254 940710 203635 772253 870991 950467 190577 296409 648327 691763 265301 641302 757495 958334 319431 704271 11830 826321 901864 963048 530197 975471 
idx = 15
172011 356826 167158 451615 739117 810150 421332 896712 247980 348878 170996 606456 541275 863001 448274 979886 173319 368772 502574 608126 292575 678581 785109 911937 92079 594288 452728 961336 320234 914443 402794 990285 208830 541820 490124 552810 356365 433259 149481 860247 41064 426192 186734 902477 446467 910576 261157 982537 14509 188975 314122 390574 133915 647959 282448 907387 242330 633630 883993 895834 454570 646765 315066 997177 
idx = 14
228437 367623 475879 641737 656694 787756 402861 921872 264498 579696 636896 743965 889301 903722 128139 925832 590233 600511 692561 762431 255758 755339 253139 890389 116756 843599 227768 902401 482487 858754 198226 948426 77355 129317 52136 396826 187211 199128 212792 682957 267936 338621 52148 604037 79865 158241 322938 929849 3396 242033 6644 746496 518135 743777 719673 961487 178342 188645 197112 298529 39780 497372 16748 994698 
idx = 13
47092 142605 313291 869188 552554 600777 447781 936496 193547 730389 246131 917788 296976 684616 160040 948977 185738 271545 45791 466197 692554 801652 743563 862959 436966 546447 254407 736105 368901 807630 144590 984352 499494 569038 174219 739484 560549 629117 637233 874632 739675 742425 142778 901741 15211 870916 904130 947057 379689 626985 740093 866484 67021 355983 558427 896794 355026 461662 125248 607766 53671 242537 691517 993840 
idx = 12
6252 161315 490804 609229 152609 271478 452254 667807 61242 296102 391248 809044 6769 65085 686714 878409 306195 356132 539723 582036 179515 516896 506102 584817 277759 484307 286896 804027 72428 727194 243723 891378 114868 724145 812363 829042 78471 860064 817522 900566 674124 836835 467571 907367 223761 837740 184873 913613 101989 310396 293928 330082 44318 353108 853609 919326 86192 291269 438103 656829 48233 152636 274931 941769 
idx = 11
252918 335222 160603 369400 104882 648108 159029 678982 44510 321061 489027 773193 119348 544271 729647 782582 333195 520352 807125 859156 433893 772422 380071 908533 613781 672799 532199 818228 707202 727405 127641 923422 150830 427474 483246 539244 353228 632878 240078 766119 120393 131010 608342 858360 256524 937027 703918 980956 32356 298760 86629 731136 264235 546619 351267 937700 268825 704160 449889 878433 13859 833436 146559 992586 
start	: 23
end	: 22

idx = 22
57418 290232 404224 507042 593157 627958 544242 683541 84275 257790 483945 611595 78922 631659 578474 711613 146884 164721 146981 364384 288287 451243 62234 688430 762 22195 795780 810926 694330 894637 392293 922878 68968 106061 180193 302076 245773 418848 429031 572471 192169 754882 20968 837399 559881 958758 865439 971884 535007 586569 359884 836509 292817 517985 8818 877572 336622 690987 13841 905522 113781 602735 223158 991392 
idx = 21
129252 238106 684288 771908 17142 393123 697923 844772 199450 310179 171726 821607 337365 689055 340137 940832 205721 506542 726909 854208 326963 704164 746375 856165 423753 480775 468525 740662 551266 792462 281413 976558 248974 600496 9697 644975 151706 437126 5737 673654 189235 218872 192363 705876 230990 769979 393943 888395 28596 787024 346860 802456 468869 607281 528616 982169 39434 125298 472513 847143 395966 743561 365555 985966 
start	: 23
end	: 44

start	: 23
end	: 86

start	: 23
end	: 172

start	: 23
end	: 342

start	: 23
end	: 684

start	: 23
end	: 1366

start	: 23
end	: 2732

start	: 23
end	: 5462

start	: 23
end	: 10924

start	: 23
end	: 21846

start	: 23
end	: 43692

start	: 23
end	: 87382

start	: 23
end	: 174764

start	: 23
end	: 349526

start	: 23
end	: 699052

start	: 23
end	: 1398102

start	: 23
end	: 2796204

>>>>> REV <<<<<
start	: 3
end	: 2

idx = 2
140188 223813 109952 236485 213978 586753 50907 632199 106810 550403 645190 697869 358327 761745 203919 846901 29414 485266 304976 506633 108791 688567 433304 847106 573691 671660 336686 705610 71496 489071 84621 860074 
idx = 1
495249 632309 88973 748986 129702 212602 444589 787178 53228 526655 140667 662759 57620 430142 628995 794759 161278 645306 534321 689156 477695 778029 565306 833656 77592 190625 217881 532629 149899 561945 571307 876038 
start	: 5
end	: 4

idx = 4
207015 317428 288320 476014 275708 638017 607424 883825 336015 567270 431938 712162 26063 726055 79741 888673 234471 328088 600602 789210 81398 602764 670781 936457 65488 634931 407564 737237 431270 651082 570661 949544 
idx = 3
127555 199100 437294 493619 20362 393973 637113 772223 329716 526829 111661 531623 629518 664573 652475 886355 298489 379674 51601 828882 190200 227765 333019 915662 18782 594937 159946 653610 428000 888634 453582 937953 
start	: 11
end	: 6

idx = 10
470392 656774 602597 735205 252207 393212 397980 776845 19575 672770 229216 727113 330783 759708 222381 885871 100549 640692 639316 666210 32981 323727 131331 805464 249787 703574 669949 703844 488086 549178 640386 925836 
idx = 9
125234 125972 213292 508987 493408 507495 765086 827645 10770 78162 42034 312020 64685 134157 545766 902135 240097 648893 126594 666879 569562 658967 616565 825561 198892 562622 685370 845066 232810 843906 897556 947955 
idx = 8
206361 410247 491618 866357 385094 443246 416339 919366 56398 95163 813379 920245 201907 286122 313596 922474 569875 779346 338078 829829 711003 923033 829649 943021 139302 812711 680182 859945 78357 124270 679123 944085 
idx = 7
131310 176533 257586 273560 22479 725222 298671 888793 167791 533560 635713 686285 254551 392457 812970 924390 176069 556635 140618 658776 73317 755721 81040 848929 73994 769469 698683 786012 470783 553761 585394 928229 
idx = 6
233592 747474 218559 834084 627319 678766 691787 903993 258585 798792 92481 821287 366992 402792 630906 926626 508827 618790 576692 630880 80918 223427 339493 888004 58499 214727 416896 948519 277443 489454 351022 949057 
idx = 5
580566 831439 601704 839959 21283 198533 476994 891517 18349 665169 369938 801825 131799 625453 929287 942287 50924 624988 651625 798985 652327 672622 361316 825984 105927 419361 111139 920225 462400 911972 21163 944915 
start	: 21
end	: 12

idx = 20
38729 709089 18703 786569 187284 505842 613353 791467 70720 96849 132657 675444 219253 467266 499675 884420 156711 173588 150717 347605 455398 603520 77628 885028 409929 415079 334443 486513 393746 857538 417451 891831 
idx = 19
129252 238106 684288 771908 17142 393123 697923 844772 199450 310179 171726 821607 337365 689055 340137 940832 205721 506542 726909 854208 326963 704164 746375 856165 423753 480775 468525 740662 551266 792462 281413 976558 
idx = 18
275778 464386 304035 530486 134063 544255 565864 698619 58766 662048 413177 669140 66286 496540 570121 700925 130116 243540 275859 499584 36786 716022 295311 851654 81442 576012 8261 745842 623119 637944 731188 951710 
idx = 17
248157 252867 387530 608682 195318 554670 228704 800734 756 17162 780664 803708 365575 507978 364990 874377 416817 556934 508036 599996 128107 319529 3150 655586 332400 775911 126853 805609 476716 881572 200589 973272 
idx = 16
114428 353421 101308 887523 6677 418328 857528 949668 256399 507685 608740 617168 201875 824282 67899 952512 471213 474553 62356 492659 120428 213929 334288 668517 387924 707156 175306 871760 866431 914520 551753 952556 
idx = 15
481084 559566 359072 723309 176020 522655 376944 857206 245487 492141 467676 884654 301881 823671 725663 935441 96140 406508 422506 553317 333519 469980 154977 597436 457162 471216 98299 948913 338585 944479 192025 968902 
idx = 14
521729 644832 456460 814415 591215 771016 594772 840823 440792 597942 201537 782409 537792 658961 714423 914862 183365 777897 669425 780766 325749 914412 242436 918670 611537 671741 730497 806136 214776 462787 298142 979758 
idx = 13
212039 655675 503407 800029 512539 745474 415019 835977 296867 747302 565243 793335 441190 658313 274314 886926 317637 413204 506884 801919 369504 571880 71453 874965 205748 667204 746339 916468 186608 323369 255262 929074 
idx = 12
2234 473706 576585 824249 437521 691086 2461 901822 70811 553860 611119 776818 23276 358007 173772 918443 110171 366984 167132 483881 74474 774895 664387 844769 198240 642274 542205 910389 15222 931954 291333 939041 
idx = 11
408102 493218 645673 714837 359111 744780 533973 821382 169952 269233 373858 551400 690103 841459 683434 881256 213726 679367 640987 701322 25971 607318 556440 790105 811263 815275 51193 903478 175292 835384 202702 910310 
start	: 43
end	: 22

idx = 42
199972 722550 715567 759401 203942 481196 660893 805140 9230 471156 355884 714366 386590 698913 85699 862360 162168 196681 623594 826222 719709 757546 646028 854979 268075 334060 168365 570632 252457 837298 379339 883786 
idx = 41
71380 146031 316650 656431 203974 573805 583565 756168 516390 745647 260259 787445 238512 346924 420806 797685 176324 418340 469938 514769 10016 256965 848414 893696 437 95752 90052 220635 267278 854843 883083 994060 
idx = 40
36784 418255 298866 658443 86393 678171 230385 830927 312288 623686 641736 860892 110587 928471 773914 950328 125400 570829 529974 615919 591014 614646 632114 641077 151418 365855 355990 394898 729618 842822 282972 955285 
idx = 39
260717 480822 230703 701358 347243 777311 605381 778355 339704 452368 418696 675553 194324 353311 737411 871883 34439 40616 603081 744267 53482 431338 302131 850366 78928 532474 648499 912670 20396 21609 762272 982190 
idx = 38
131681 249092 391495 560076 178788 407193 115080 615724 142755 533894 498619 563812 693345 723505 651565 757520 223816 268471 104104 493288 132647 351360 478860 956932 456915 619651 541029 707834 93474 268699 114096 988414 
idx = 37
49941 106700 190227 631943 381801 492510 750215 766141 309341 340632 573904 635577 120273 693461 69356 878385 255676 322337 188262 898786 773449 879330 793970 951996 64169 568527 251098 662855 330311 834278 472218 967355 
idx = 36
7572 249242 428301 646185 52530 493335 88640 859460 384169 694012 327817 711171 4693 261448 205474 870113 306867 527695 114599 760014 86261 514504 181758 782717 29813 696141 145899 809133 523806 657183 526430 870536 
idx = 35
165674 274271 501135 642223 247365 314666 444835 906955 632355 686971 800588 874765 66730 113377 856892 955724 227183 596620 422284 639843 192774 441571 160436 939721 574157 898677 965649 967546 431374 440700 451485 971240 
idx = 34
201284 205760 268308 272926 64595 286434 363334 760951 153803 512705 152603 582647 172600 596091 677305 831476 38852 378805 425389 595642 44120 798719 380569 822885 500718 552025 484275 902349 49842 552458 750823 988306 
idx = 33
145250 322557 340855 398915 65729 158269 129255 409603 442944 637878 297780 687354 38238 241203 249483 898095 127332 410068 563897 706237 336801 912542 578641 918800 878648 982381 308122 988053 702970 747886 748538 991960 
idx = 32
172011 356826 167158 451615 739117 810150 421332 896712 247980 348878 170996 606456 541275 863001 448274 979886 173319 368772 502574 608126 292575 678581 785109 911937 92079 594288 452728 961336 320234 914443 402794 990285 
idx = 31
219351 675478 87008 687802 403021 694647 46923 712756 237526 334525 414677 415956 285367 551163 831455 853453 387235 498474 438129 778846 787735 788065 93986 868798 46556 598159 696634 876701 281912 714857 726449 968975 
idx = 30
228437 367623 475879 641737 656694 787756 402861 921872 264498 579696 636896 743965 889301 903722 128139 925832 590233 600511 692561 762431 255758 755339 253139 890389 116756 843599 227768 902401 482487 858754 198226 948426 
idx = 29
47092 142605 313291 869188 552554 600777 447781 936496 193547 730389 246131 917788 296976 684616 160040 948977 185738 271545 45791 466197 692554 801652 743563 862959 436966 546447 254407 736105 368901 807630 144590 984352 
idx = 28
104908 504716 8103 688557 814081 900684 79686 928589 375392 748266 265861 982552 632729 868783 23816 987649 133368 297575 72919 944155 240600 271370 922438 961163 416232 576198 258015 860451 894151 913913 672961 988997 
idx = 27
23040 164541 21559 664234 12604 212545 596131 747762 212295 586839 693627 712630 586005 658010 357902 932492 580668 592533 663263 811398 220337 362170 729344 868602 48875 489487 238191 497959 31393 942373 561445 991750 
idx = 26
252918 335222 160603 369400 104882 648108 159029 678982 44510 321061 489027 773193 119348 544271 729647 782582 333195 520352 807125 859156 433893 772422 380071 908533 613781 672799 532199 818228 707202 727405 127641 923422 
idx = 25
30396 428282 817942 930954 44815 864523 212155 935278 94685 388235 158904 404024 38116 591765 741680 951712 492655 539312 262233 837537 190118 813784 446852 866801 344189 578789 344273 652288 668858 793315 591149 969093 
idx = 24
57418 290232 404224 507042 593157 627958 544242 683541 84275 257790 483945 611595 78922 631659 578474 711613 146884 164721 146981 364384 288287 451243 62234 688430 762 22195 795780 810926 694330 894637 392293 922878 
idx = 23
256177 774476 527904 855127 742909 747155 785189 875695 749511 806259 834144 870488 511870 915223 666034 935011 232576 405884 291194 689769 88576 446370 197760 754640 634002 821239 693316 945722 96000 890862 57716 951309 
idx = 22
56582 215210 282388 330197 575516 598640 511437 707504 26564 30229 56756 615766 592003 595517 874383 874442 116472 483694 272221 624162 416390 819260 129667 840000 15070 290544 87402 599743 423013 578803 617817 916890 
idx = 21
151812 449571 252268 562304 299195 488571 504216 704605 531125 857553 647489 863859 492871 649197 791034 936021 77822 608369 131657 695331 29606 513771 855005 914466 311536 696018 165118 778609 89426 635767 935761 971690 
start	: 47
end	: 44

idx = 46
586698 815090 548918 901938 251542 702833 377138 943951 539902 557470 106971 821420 451860 621794 662859 949730 7935 748878 472345 806668 397278 935217 360791 952097 175877 263569 402337 486618 537591 957856 525202 978884 
idx = 45
220648 315383 115583 633238 394894 786863 330290 862712 204794 244472 290539 732467 147801 753325 238800 892773 592423 667440 370343 674327 240880 465894 806133 842358 27023 225004 172962 306497 54674 860394 440575 989389 
idx = 44
87556 113166 143406 182067 120617 420163 350648 905078 469451 619284 785205 857813 356530 459366 316884 956733 21209 561083 483197 568948 65920 207191 782386 871199 873236 921174 418316 932942 520998 583965 768414 964227 
idx = 43
202653 313221 307812 375786 381098 466183 667937 774765 44716 112066 248151 334176 139877 533049 671291 946081 464884 481688 576794 713921 186272 621562 321497 859626 69116 218151 470456 483996 160341 518850 341222 990795 
start	: 47
end	: 86

start	: 47
end	: 172

start	: 47
end	: 342

start	: 47
end	: 684

start	: 47
end	: 1366

start	: 47
end	: 2732

start	: 47
end	: 5462

start	: 47
end	: 10924

start	: 47
end	: 21846

start	: 47
end	: 43692

start	: 47
end	: 87382

start	: 47
end	: 174764

start	: 47
end	: 349526

start	: 47
end	: 699052

start	: 47
end	: 1398102

start	: 47
end	: 2796204

start	: 47
end	: 5592406

start	: 47
end	: 11184812

start	: 47
end	: 22369622

start	: 47
end	: 44739244

start	: 47
end	: 89478486

start	: 47
end	: 178956972

start	: 47
end	: 357913942

start	: 47
end	: 715827884

start	: 47
end	: 1431655766

start	: 47
end	: 2863311532

start	: 47
end	: 5726623062

start	: 47
end	: 11453246124

start	: 47
end	: 22906492246

start	: 47
end	: 45812984492

start	: 47
end	: 91625968982

start	: 47
end	: 183251937964

start	: 47
end	: 366503875926

start	: 47
end	: 733007751852

start	: 47
end	: 1466015503702

start	: 47
end	: 2932031007404

start	: 47
end	: 5864062014806

start	: 47
end	: 11728124029612

start	: 47
end	: 23456248059222

start	: 47
end	: 46912496118444

>>>>> REV <<<<<
start	: 3
end	: 2

idx = 2
495249 632309 88973 748986 129702 212602 444589 787178 53228 526655 140667 662759 57620 430142 628995 794759 
idx = 1
7572 249242 428301 646185 52530 493335 88640 859460 384169 694012 327817 711171 4693 261448 205474 870113 
start	: 5
end	: 4

idx = 4
6252 161315 490804 609229 152609 271478 452254 667807 61242 296102 391248 809044 6769 65085 686714 878409 
idx = 3
199972 722550 715567 759401 203942 481196 660893 805140 9230 471156 355884 714366 386590 698913 85699 862360 
start	: 11
end	: 6

idx = 10
470392 656774 602597 735205 252207 393212 397980 776845 19575 672770 229216 727113 330783 759708 222381 885871 
idx = 9
252918 335222 160603 369400 104882 648108 159029 678982 44510 321061 489027 773193 119348 544271 729647 782582 
idx = 8
57418 290232 404224 507042 593157 627958 544242 683541 84275 257790 483945 611595 78922 631659 578474 711613 
idx = 7
56582 215210 282388 330197 575516 598640 511437 707504 26564 30229 56756 615766 592003 595517 874383 874442 
idx = 6
408102 493218 645673 714837 359111 744780 533973 821382 169952 269233 373858 551400 690103 841459 683434 881256 
idx = 5
38729 709089 18703 786569 187284 505842 613353 791467 70720 96849 132657 675444 219253 467266 499675 884420 
start	: 21
end	: 12

idx = 20
228437 367623 475879 641737 656694 787756 402861 921872 264498 579696 636896 743965 889301 903722 128139 925832 
idx = 19
125234 125972 213292 508987 493408 507495 765086 827645 10770 78162 42034 312020 64685 134157 545766 902135 
idx = 18
236432 366424 597869 771977 154924 311398 178978 844065 108278 126100 512669 663521 160985 798371 221404 902048 
idx = 17
580566 831439 601704 839959 21283 198533 476994 891517 18349 665169 369938 801825 131799 625453 929287 942287 
idx = 16
206361 410247 491618 866357 385094 443246 416339 919366 56398 95163 813379 920245 201907 286122 313596 922474 
idx = 15
114868 724145 812363 829042 78471 860064 817522 900566 674124 836835 467571 907367 223761 837740 184873 913613 
idx = 14
2234 473706 576585 824249 437521 691086 2461 901822 70811 553860 611119 776818 23276 358007 173772 918443 
idx = 13
127555 199100 437294 493619 20362 393973 637113 772223 329716 526829 111661 531623 629518 664573 652475 886355 
idx = 12
212039 655675 503407 800029 512539 745474 415019 835977 296867 747302 565243 793335 441190 658313 274314 886926 
idx = 11
131310 176533 257586 273560 22479 725222 298671 888793 167791 533560 635713 686285 254551 392457 812970 924390 
start	: 43
end	: 22

idx = 42
248157 252867 387530 608682 195318 554670 228704 800734 756 17162 780664 803708 365575 507978 364990 874377 
idx = 41
205242 401663 511205 552706 86759 634390 45491 657849 188415 320775 328406 543391 4345 52797 270012 763639 
idx = 40
151812 449571 252268 562304 299195 488571 504216 704605 531125 857553 647489 863859 492871 649197 791034 936021 
idx = 39
163239 505728 196024 591285 412059 566979 173220 595051 318798 411322 492897 644779 160228 405923 569612 963242 
idx = 38
165674 274271 501135 642223 247365 314666 444835 906955 632355 686971 800588 874765 66730 113377 856892 955724 
idx = 37
353344 462287 364822 515934 68624 130206 649372 784089 100481 416144 536315 625003 156632 302481 382067 927008 
idx = 36
30396 428282 817942 930954 44815 864523 212155 935278 94685 388235 158904 404024 38116 591765 741680 951712 
idx = 35
219351 675478 87008 687802 403021 694647 46923 712756 237526 334525 414677 415956 285367 551163 831455 853453 
idx = 34
481084 559566 359072 723309 176020 522655 376944 857206 245487 492141 467676 884654 301881 823671 725663 935441 
idx = 33
200169 231124 126026 400605 156358 185355 587456 692717 114379 220737 487511 727765 232025 502089 86481 829307 
idx = 32
49941 106700 190227 631943 381801 492510 750215 766141 309341 340632 573904 635577 120273 693461 69356 878385 
idx = 31
87556 113166 143406 182067 120617 420163 350648 905078 469451 619284 785205 857813 356530 459366 316884 956733 
idx = 30
346680 575841 549256 694107 120706 528917 142869 802273 25531 411596 452581 661728 149965 754803 165431 918533 
idx = 29
47065 478148 715052 726423 86895 514496 697692 761834 244044 648656 335220 828200 166510 732005 553359 864313 
idx = 28
36784 418255 298866 658443 86393 678171 230385 830927 312288 623686 641736 860892 110587 928471 773914 950328 
idx = 27
337769 466315 406698 763500 292054 749997 50581 858418 277202 694289 801123 869415 304343 784489 228180 906957 
idx = 26
114428 353421 101308 887523 6677 418328 857528 949668 256399 507685 608740 617168 201875 824282 67899 952512 
idx = 25
275778 464386 304035 530486 134063 544255 565864 698619 58766 662048 413177 669140 66286 496540 570121 700925 
idx = 24
500891 615225 191848 848388 5436 822969 246387 857536 237698 766370 538143 798260 241171 544398 702898 863280 
idx = 23
256177 774476 527904 855127 742909 747155 785189 875695 749511 806259 834144 870488 511870 915223 666034 935011 
idx = 22
207015 317428 288320 476014 275708 638017 607424 883825 336015 567270 431938 712162 26063 726055 79741 888673 
idx = 21
233592 747474 218559 834084 627319 678766 691787 903993 258585 798792 92481 821287 366992 402792 630906 926626 
start	: 85
end	: 44

idx = 84
429998 501408 310405 636039 13092 114806 420357 790559 324806 361496 32579 507849 113152 626375 55942 838683 
idx = 83
92259 436848 60052 656368 628694 664526 77361 842386 133126 212824 792604 793665 399298 672667 28666 869382 
idx = 82
246416 342054 525396 533406 455557 457121 482152 922199 427503 727556 757919 859978 70722 630765 5922 936907 
idx = 81
305735 320766 407545 442246 731478 793039 225062 850056 480366 603649 85258 643358 743098 893507 755131 930270 
idx = 80
177798 330497 89996 350076 20048 82009 137167 921207 383006 653496 81147 735519 24826 617127 142730 934008 
idx = 79
208830 541820 490124 552810 356365 433259 149481 860247 41064 426192 186734 902477 446467 910576 261157 982537 
idx = 78
13447 127225 84722 460251 428137 464233 31318 659865 257451 318786 180730 843842 84881 884199 94517 924317 
idx = 77
77355 129317 52136 396826 187211 199128 212792 682957 267936 338621 52148 604037 79865 158241 322938 929849 
idx = 76
499494 569038 174219 739484 560549 629117 637233 874632 739675 742425 142778 901741 15211 870916 904130 947057 
idx = 75
291007 554368 412001 742592 41879 647191 842527 913995 55587 255966 20859 394581 3146 114496 240786 959071 
idx = 74
487513 648412 289239 776471 185829 521996 555568 798123 49100 381489 55000 706041 559742 760214 632764 944663 
idx = 73
150830 427474 483246 539244 353228 632878 240078 766119 120393 131010 608342 858360 256524 937027 703918 980956 
idx = 72
317913 353442 381371 453884 536108 561280 609474 664431 262638 304108 543631 562154 202835 874757 123301 923913 
idx = 71
68968 106061 180193 302076 245773 418848 429031 572471 192169 754882 20968 837399 559881 958758 865439 971884 
idx = 70
748598 795373 25076 955800 659660 963416 113786 979430 597640 614365 36620 737694 200534 825254 138430 981648 
idx = 69
429495 481735 537800 713014 546385 744815 580684 897327 381742 592414 736941 871288 162639 779278 865891 957406 
idx = 68
71380 146031 316650 656431 203974 573805 583565 756168 516390 745647 260259 787445 238512 346924 420806 797685 
idx = 67
145250 322557 340855 398915 65729 158269 129255 409603 442944 637878 297780 687354 38238 241203 249483 898095 
idx = 66
23040 164541 21559 664234 12604 212545 596131 747762 212295 586839 693627 712630 586005 658010 357902 932492 
idx = 65
172011 356826 167158 451615 739117 810150 421332 896712 247980 348878 170996 606456 541275 863001 448274 979886 
idx = 64
104908 504716 8103 688557 814081 900684 79686 928589 375392 748266 265861 982552 632729 868783 23816 987649 
idx = 63
131681 249092 391495 560076 178788 407193 115080 615724 142755 533894 498619 563812 693345 723505 651565 757520 
idx = 62
201284 205760 268308 272926 64595 286434 363334 760951 153803 512705 152603 582647 172600 596091 677305 831476 
idx = 61
504749 712904 369503 764244 592706 689893 696544 949407 163120 253138 681254 694964 197880 472936 230732 961505 
idx = 60
323153 435244 286609 445623 145219 433408 223767 478354 75970 225888 38356 530231 699471 710051 307608 714457 
idx = 59
248974 600496 9697 644975 151706 437126 5737 673654 189235 218872 192363 705876 230990 769979 393943 888395 
idx = 58
220136 435760 241380 460501 502140 924140 559062 978008 202326 311276 688287 759054 16231 191819 213393 979173 
idx = 57
47092 142605 313291 869188 552554 600777 447781 936496 193547 730389 246131 917788 296976 684616 160040 948977 
idx = 56
260717 480822 230703 701358 347243 777311 605381 778355 339704 452368 418696 675553 194324 353311 737411 871883 
idx = 55
539701 581616 115792 636260 553378 694350 769636 824459 109662 756425 301245 837424 353716 606144 529129 866785 
idx = 54
247537 275038 458922 498683 16768 325070 500542 719497 129067 498857 579466 688514 83437 769624 665461 953331 
idx = 53
125409 209004 302078 673186 416032 841856 696789 845487 512023 862737 733313 866439 454609 533912 399680 952422 
idx = 52
266966 273184 26558 574176 307499 801656 640661 952547 438060 801114 801742 806696 218322 958176 945309 977746 
idx = 51
113392 381408 170548 581699 147207 648152 447438 757436 70897 268610 465222 876915 307425 345259 799025 924441 
idx = 50
202653 313221 307812 375786 381098 466183 667937 774765 44716 112066 248151 334176 139877 533049 671291 946081 
idx = 49
220648 315383 115583 633238 394894 786863 330290 862712 204794 244472 290539 732467 147801 753325 238800 892773 
idx = 48
586698 815090 548918 901938 251542 702833 377138 943951 539902 557470 106971 821420 451860 621794 662859 949730 
idx = 47
86374 372682 418688 769610 319534 709703 550213 946210 929009 939760 256254 940710 203635 772253 870991 950467 
idx = 46
285776 797152 710779 919957 520124 730216 209010 935168 281038 567825 688418 886067 15973 696165 24828 969420 
idx = 45
322896 350492 295374 551459 326985 571175 176343 577880 465767 766790 700869 883360 256909 912913 343269 961253 
idx = 44
521729 644832 456460 814415 591215 771016 594772 840823 440792 597942 201537 782409 537792 658961 714423 914862 
idx = 43
129252 238106 684288 771908 17142 393123 697923 844772 199450 310179 171726 821607 337365 689055 340137 940832 
start	: 94
end	: 86

idx = 93
14220 454123 319390 501341 79208 331101 326599 785268 2057 152715 51849 596252 421365 615562 279243 941910 
idx = 92
74238 320222 522865 634785 676138 731228 676702 878970 385478 732163 8650 937075 123217 720827 921362 996706 
idx = 91
168584 468557 576521 580558 375219 435949 639728 947816 306032 521279 475932 877377 156322 418624 874744 983940 
idx = 90
142404 431536 83947 452727 623342 720933 589311 843657 625949 756896 632563 783385 279613 338717 572650 876451 
idx = 89
16750 145537 145598 345535 379379 696113 111597 766373 705111 862192 33062 917270 798762 845962 8334 991988 
idx = 88
173271 371940 411083 441170 55450 59949 290409 644655 290149 322527 171689 446248 158507 398718 449428 724160 
idx = 87
247914 306401 517486 694358 88422 548424 493529 743973 150419 623988 435463 905635 312926 405012 497664 915588 
idx = 86
374796 412668 162845 643282 508263 533417 5888 720552 39230 58151 239395 664919 338955 705650 618212 919191 
idx = 85
378003 436517 484524 528310 42487 87679 129836 799028 40764 45965 127873 720617 261775 340407 24083 801774 
start	: 94
end	: 172

start	: 94
end	: 342

start	: 94
end	: 684

start	: 94
end	: 1366

start	: 94
end	: 2732

start	: 94
end	: 5462

start	: 94
end	: 10924

start	: 94
end	: 21846

start	: 94
end	: 43692

start	: 94
end	: 87382

start	: 94
end	: 174764

start	: 94
end	: 349526

start	: 94
end	: 699052

start	: 94
end	: 1398102

start	: 94
end	: 2796204

start	: 94
end	: 5592406

start	: 94
end	: 11184812

start	: 94
end	: 22369622

start	: 94
end	: 44739244

start	: 94
end	: 89478486

start	: 94
end	: 178956972

start	: 94
end	: 357913942

start	: 94
end	: 715827884

start	: 94
end	: 1431655766

start	: 94
end	: 2863311532

start	: 94
end	: 5726623062

start	: 94
end	: 11453246124

start	: 94
end	: 22906492246

start	: 94
end	: 45812984492

start	: 94
end	: 91625968982

start	: 94
end	: 183251937964

start	: 94
end	: 366503875926

start	: 94
end	: 733007751852

start	: 94
end	: 1466015503702

start	: 94
end	: 2932031007404

start	: 94
end	: 5864062014806

start	: 94
end	: 11728124029612

start	: 94
end	: 23456248059222

start	: 94
end	: 46912496118444

start	: 94
end	: 93824992236886

start	: 94
end	: 187649984473772

start	: 94
end	: 375299968947542

start	: 94
end	: 750599937895084

start	: 94
end	: 1501199875790166

start	: 94
end	: 3002399751580331

start	: 94
end	: 6004799503160662

start	: 94
end	: 12009599006321324

start	: 94
end	: 24019198012642644

start	: 94
end	: 48038396025285288

start	: 94
end	: 96076792050570576

start	: 94
end	: 192153584101141152

start	: 94
end	: 384307168202282304

start	: 94
end	: 768614336404564608

start	: 94
end	: 1537228672809129216

start	: 94
end	: 3074457345618258432

start	: 94
end	: 6148914691236516864

start	: 0
end	: 12297829382473033728

start	: 0
end	: 0

idx = 18446744073709551615

idx = 18446744073709551614

