>>>>> REC <<<<<
>>>>> REC <<<<<
>>>>> REC <<<<<
>>>>> REC <<<<<
>>>>> REC <<<<<
>>>>> REC <<<<<
>>>>> REC <<<<<
>>>>> REC <<<<<
>>>>> REC <<<<<
>>>>> REC <<<<<
>>>>> REC <<<<<
>>>>> REV <<<<<
>>>>> REV <<<<<
>>>>> REV <<<<<
>>>>> REV <<<<<
>>>>> REV <<<<<
>>>>> REV <<<<<
>>>>> REV <<<<<
>>>>> REV <<<<<
>>>>> REV <<<<<
>>>>> REV <<<<<
>>>>> REV <<<<<
31 55 79 116 149 200 236 269 318 331 368 394 441 464 485 540 561 625 635 637 640 688 693 742 768 814 835 906 939 979 984 1001 1040 1048 1050 1087 1117 1126 1176 1180 1195 1198 1242 1370 1416 1502 1504 1505 1512 1557 1575 1579 1594 1652 1686 1700 1743 1755 1811 1812 1827 1903 1907 1920 2018 2036 2097 2145 2147 2168 2244 2253 2331 2402 2431 2472 2500 2508 2520 2538 2539 2559 2565 2571 2639 2813 2820 2864 2888 2909 2936 2974 3010 3011 3036 3048 3078 3104 3112 3116 3128 3198 3240 3263 3304 3316 3326 3344 3433 3434 3501 3517 3546 3553 3584 3626 3651 3678 3705 3720 3744 3768 3772 3871 3878 3882 3903 3934 3963 3986 4011 4031 4122 4141 4158 4192 4196 4230 4244 4264 4277 4361 4391 4435 4473 4503 4565 4574 4594 4617 4686 4694 4741 4770 4795 4819 4889 4916 4946 5052 5069 5087 5114 5122 5146 5228 5244 5247 5249 5364 5383 5390 5434 5435 5493 5608 5628 5647 5661 5695 5716 5785 5805 5847 5876 5881 5928 5959 5978 6059 6085 6127 6132 6151 6176 6208 6215 6231 6252 6268 6291 6346 6411 6432 6446 6465 6468 6580 6606 6644 6654 6722 6780 6804 6810 6849 6858 6880 6954 6965 6996 7021 7055 7146 7175 7199 7246 7376 7408 7446 7489 7502 7575 7587 7632 7648 7778 7781 7799 7814 7877 7881 7883 7935 7971 8029 8031 8052 8064 8070 8071 8184 8282 8283 8336 8361 8391 8402 8433 8475 8514 8588 8591 8593 8613 8665 8690 8758 8780 8826 8888 8941 8946 8957 8983 9122 9134 9156 9179 9267 9269 9311 9320 9349 9359 9407 9492 9496 9512 9532 9548 9565 9580 9594 9597 9626 9640 9662 9685 9744 9776 9831 9846 9907 9908 9925 9970 9992 10088 10095 10125 10171 10181 10206 10212 10226 10245 10288 10289 10308 10410 10424 10436 10512 10532 10580 10582 10661 10678 10685 10752 10754 10766 10767 10768 10834 10966 11026 11067 11080 11133 11151 11165 11173 11174 11197 11265 11338 11353 11363 11380 11411 11427 11449 11494 11520 11525 11545 11558 11559 11565 11654 11686 11705 11775 11788 11795 11842 11863 11883 11903 11909 11928 11945 11948 12017 12023 12051 12116 12165 12246 12269 12279 12316 12321 12352 12510 12532 12538 12547 12558 12568 12577 12642 12665 12672 12814 12833 12846 12897 12911 12938 12972 13013 13037 13047 13061 13065 13112 13115 13118 13119 13172 13232 13260 13310 13389 13419 13506 13536 13569 13576 13578 13589 13610 13613 13629 13647 13677 13692 13699 13718 13838 13890 13948 14061 14075 14159 14172 14212 14254 14273 14276 14292 14321 14324 14380 14427 14451 14474 14534 14605 14726 14753 14761 14792 14807 14813 14898 14940 14948 14961 14962 14964 14981 15002 15125 15172 15184 15207 15252 15267 15355 15419 15522 15541 15593 15600 15609 15656 15714 15776 15785 15799 15802 15842 15844 15853 15856 15895 15897 15911 15943 15975 16006 16014 16025 16060 16064 16096 16105 16107 16168 16188 16282 16384 16524 16547 16554 16636 16650 16667 16679 16695 16698 16709 16764 16780 16791 16796 16824 16888 16909 16949 16992 16994 17034 17093 17102 17132 17171 17177 17178 17180 17193 17235 17375 17379 17428 17430 17447 17472 17500 17532 17573 17623 17641 17694 17699 17706 17781 17871 17888 17941 17965 18022 18055 18056 18080 18083 18144 18194 18200 18228 18259 18263 18314 18318 18319 18363 18420 18470 18474 18502 18505 18506 18523 18530 18555 18557 18690 18741 18842 18868 18870 18898 18949 18965 19030 19058 19095 19168 19205 19321 19330 19404 19440 19444 19461 19478 19595 19603 19613 19652 19662 19868 19963 19997 20009 20040 20042 20093 20131 20162 20226 20268 20270 20370 20377 20419 20478 20509 20568 20607 20625 20635 20689 20708 20724 20763 20886 20955 20962 20986 21030 21053 21086 21122 21143 21180 21188 21199 21261 21292 21334 21336 21342 21377 21597 21650 21691 21740 21806 21820 21894 21926 22071 22096 22130 22192 22207 22212 22258 22308 22327 22342 22378 22379 22386 22422 22505 22506 22515 22559 22560 22565 22577 22584 22589 22608 22681 22692 22720 22722 22731 22741 22822 22858 22958 22965 22967 22981 23005 23007 23027 23060 23075 23119 23128 23134 23135 23145 23203 23250 23311 23394 23395 23396 23550 23633 23647 23669 23712 23781 23828 23841 23997 24011 24044 24149 24184 24213 24230 24261 24286 24316 24317 24338 24363 24378 24410 24415 24444 24494 24505 24509 24539 24578 24638 24709 24769 24786 24808 24826 24855 24868 24958 25001 25055 25056 25077 25097 25109 25116 25186 25253 25262 25272 25385 25458 25508 25597 25599 25629 25683 25686 25711 25723 25748 25771 25804 25866 25874 25876 25885 25939 26053 26058 26114 26180 26191 26232 26282 26298 26313 26328 26334 26348 26356 26357 26383 26399 26413 26455 26509 26536 26564 26586 26602 26608 26682 26700 26701 26767 26775 26818 26944 26951 27090 27092 27122 27136 27268 27322 27332 27365 27369 27407 27452 27461 27511 27556 27632 27653 27704 27908 27969 27977 27999 28057 28077 28120 28135 28165 28210 28221 28232 28315 28354 28356 28404 28405 28437 28571 28651 28744 28753 28772 28774 28821 28825 28836 28901 28905 28913 28932 28944 28994 29016 29064 29108 29177 29467 29474 29486 29617 29632 29727 29765 29808 29841 29932 30030 30094 30096 30103 30106 30108 30133 30148 30172 30215 30223 30232 30251 30313 30378 30440 30493 30509 30543 30551 30559 30587 30690 30701 30730 30746 30755 30808 30838 30855 30874 30876 30985 31100 31115 31116 31123 31125 31184 31223 31266 31310 31330 31337 31340 31351 31355 31386 31422 31443 31473 31474 31486 31488 31504 31532 31592 31609 31640 31685 31737 31756 31893 31899 31908 31915 31939 31950 31961 31987 31993 32019 32047 32088 32125 32165 32171 32226 32237 32245 32286 32299 32385 32387 32428 32474 32495 32511 32557 32567 32639 32678 32687 32694 32695 32701 32781 32815 32837 32847 32852 32872 32911 32945 32966 33006 33034 33061 33090 33102 33117 33137 33155 33178 33349 33369 33414 33421 33464 33481 33575 33576 33587 33591 33612 33620 33663 33678 33681 33694 33706 33740 33771 33841 33869 33894 33978 34049 34055 34152 34158 34215 34236 34240 34252 34392 34393 34395 34410 34414 34433 34490 34538 34540 34553 34588 34617 34626 34640 34658 34701 34726 34757 34783 34806 34844 34901 34957 35077 35078 35085 35091 35109 35119 35135 35144 35240 35300 35302 35303 35310 35357 35361 35375 35378 35409 35489 35558 35576 35581 35620 35662 35668 35672 35678 35686 35697 35719 35761 35772 35791 35831 35839 35911 35923 35944 35952 35967 35997 36017 36018 36020 36029 36052 36098 36258 36259 36261 36287 36303 36329 36330 36381 36391 36464 36537 36551 36568 36595 36602 36654 36709 36729 36738 36786 36823 36863 36898 36989 37005 37041 37085 37100 37122 37131 37165 37208 37212 37214 37223 37225 37226 37274 37298 37317 37342 37345 37456 37511 37568 37580 37596 37616 37636 37638 37662 37689 37752 37767 37801 37845 37967 37970 37986 38043 38052 38144 38228 38237 38241 38250 38262 38349 38376 38491 38543 38738 38774 38799 38823 38898 38944 38953 38986 39001 39057 39093 39118 39147 39221 39259 39302 39331 39410 39449 39463 39473 39530 39540 39610 39642 39643 39645 39705 39708 39732 39774 39796 39836 39891 39934 40051 40106 40107 40140 40179 40196 40258 40259 40313 40349 40446 40525 40557 40563 40566 40569 40600 40614 40622 40642 40706 40742 40743 40937 40975 41039 41078 41103 41152 41155 41161 41191 41192 41209 41228 41250 41314 41347 41406 41486 41556 41611 41680 41691 41707 41771 41780 41798 41817 41821 41842 41847 41870 41873 41985 42006 42055 42060 42101 42116 42120 42159 42162 42183 42190 42197 42207 42225 42237 42275 42303 42339 42349 42420 42449 42474 42500 42548 42549 42554 42599 42755 42789 42799 42809 42875 42912 43000 43013 43036 43044 43054 43084 43096 43109 43191 43192 43207 43215 43251 43291 43325 43344 43349 43370 43392 43393 43409 43421 43477 43493 43543 43544 43549 43574 43610 43620 43636 43637 43669 43740 43781 43809 43847 43872 43883 43887 43930 43946 44003 44020 44047 44110 44128 44166 44188 44200 44209 44296 44316 44334 44375 44379 44382 44402 44407 44551 44683 44694 44702 44719 44732 44735 44748 44822 44890 44896 44897 44932 44939 45011 45027 45036 45121 45128 45134 45170 45174 45186 45196 45269 45282 45286 45346 45353 45372 45419 45443 45451 45463 45537 45547 45562 45574 45579 45646 45680 45719 45736 45765 45770 45840 45846 45874 45900 45970 45974 46013 46084 46091 46132 46137 46155 46179 46213 46222 46273 46406 46482 46503 46514 46516 46657 46667 46685 46727 46745 46791 46871 46906 46979 47026 47061 47086 47090 47102 47112 47128 47132 47265 47293 47322 47325 47362 47365 47405 47420 47434 47476 47484 47518 47621 47627 47645 47670 47718 47746 47794 47829 47832 47877 47958 47967 47985 48025 48141 48173 48201 48227 48248 48399 48434 48444 48453 48468 48482 48517 48538 48547 48638 48731 48765 48767 48784 48811 48852 48858 48865 48892 48919 48923 48924 48962 48983 48985 49070 49089 49101 49104 49114 49131 49134 49206 49240 49267 49294 49311 49336 49364 49436 49466 49487 49489 49506 49518 49549 49627 49663 49682 49687 49693 49761 49790 49796 49801 49826 49884 49921 49946 49966 50013 50047 50065 50089 50090 50196 50295 50346 50357 50379 50436 50438 50460 50493 50499 50530 50649 50669 50715 50721 50723 50755 50759 50771 50832 50837 50843 50845 50873 50917 51051 51063 51147 51185 51192 51216 51250 51274 51314 51323 51342 51385 51386 51439 51534 51539 51549 51558 51566 51578 51586 51609 51615 51634 51647 51653 51695 51700 51780 51838 51841 51974 51977 52007 52020 52040 52093 52124 52196 52204 52221 52271 52279 52303 52305 52333 52378 52395 52458 52484 52563 52616 52660 52682 52703 52704 52817 52846 52858 52867 53027 53113 53164 53228 53249 53254 53273 53374 53375 53399 53457 53474 53478 53479 53587 53592 53602 53607 53630 53657 53699 53774 53794 53801 53860 53861 53915 53994 54003 54011 54027 54035 54066 54111 54141 54161 54185 54218 54235 54237 54252 54275 54298 54317 54346 54374 54407 54521 54538 54576 54656 54664 54678 54703 54742 54748 54917 54931 54981 55032 55083 55084 55097 55153 55214 55336 55357 55374 55413 55443 55447 55456 55476 55480 55484 55573 55594 55625 55692 55693 55750 55757 55792 55818 55865 55938 55945 55975 56052 56077 56079 56085 56184 56188 56195 56202 56237 56252 56275 56277 56312 56315 56324 56335 56365 56453 56485 56496 56524 56526 56528 56553 56588 56600 56634 56649 56658 56777 56850 56903 56905 56919 56936 56944 56977 57020 57089 57135 57136 57177 57199 57219 57222 57360 57441 57450 57478 57515 57599 57662 57754 57791 57810 57823 57830 57846 57902 57914 57947 58083 58087 58108 58118 58167 58196 58199 58202 58215 58273 58364 58432 58448 58466 58479 58500 58535 58563 58581 58582 58607 58630 58632 58685 58733 58806 58823 58837 59114 59142 59231 59247 59368 59369 59395 59415 59463 59480 59559 59673 59689 59736 59753 59761 59770 59802 59809 59841 59850 59859 59866 59867 60044 60080 60115 60162 60165 60166 60223 60267 60308 60311 60355 60360 60367 60410 60416 60464 60494 60526 60625 60665 60704 60718 60781 60873 60883 60910 60941 60950 60968 60985 60998 61017 61030 61032 61057 61083 61189 61195 61241 61249 61271 61282 61299 61319 61336 61337 61391 61423 61515 61638 61646 61677 61682 61711 61727 61729 61738 61748 61762 61777 61797 62001 62013 62033 62090 62091 62094 62133 62146 62161 62286 62290 62297 62303 62345 62388 62399 62502 62506 62523 62555 62608 62620 62646 62683 62694 62725 62732 62827 62831 62854 62872 62894 62975 62976 62998 63111 63138 63191 63201 63238 63246 63271 63307 63351 63361 63372 63395 63426 63461 63471 63482 63575 63577 63581 63656 63659 63662 63694 63743 63810 63905 63914 63929 64034 64061 64065 64116 64141 64158 64191 64195 64198 64283 64317 64321 64333 64352 64359 64380 64397 64413 64448 64482 64490 64539 64580 64602 64640 64672 64741 64746 64792 64812 64830 64974 65002 65027 65122 65145 65245 65253 65294 65326 65331 65334 65376 65393 65404 65412 65437 65444 65512 65536 65607 65644 65670 65683 65722 65743 65784 65814 65871 65900 65962 65976 65996 65998 66013 66051 66159 66222 66279 66310 66360 66365 66392 66426 66438 66566 66579 66624 66670 66757 66878 66884 66897 66998 67021 67147 67149 67157 67162 67183 67202 67216 67217 67275 67338 67372 67375 67386 67389 67430 67456 67471 67474 67507 67541 67546 67608 67618 67642 67660 67691 67727 67889 67904 67909 67915 67917 67922 67941 67942 67955 67956 67968 67970 68028 68074 68093 68158 68287 68326 68392 68433 68454 68524 68534 68567 68630 68633 68646 68671 68732 68744 68808 68828 68840 68862 68879 68899 68997 69009 69020 69143 69155 69228 69299 69500 69503 69580 69610 69611 69612 69636 69655 69661 69680 69728 69743 69758 69777 69786 69800 69801 69816 69827 69872 69913 69934 69939 69962 70068 70082 70110 70116 70135 70150 70196 70222 70254 70349 70507 70515 70553 70565 70571 70588 70663 70689 70753 70772 70776 70814 70941 70981 70989 71056 71062 71065 71078 71079 71094 71170 71248 71264 71269 71397 71414 71429 71454 71462 71496 71549 71708 71730 71791 71794 71806 71825 71878 71888 71901 71944 72028 72054 72057 72106 72150 72164 72208 72387 72445 72461 72487 72550 72573 72678 72712 72809 72811 72966 72971 72977 73001 73018 73141 73177 73211 73213 73227 73242 73251 73256 73267 73304 73332 73398 73414 73424 73425 73566 73582 73643 73685 73725 73751 73770 73790 73935 73946 73951 73975 73998 74074 74108 74116 74183 74201 74252 74289 74397 74418 74458 74497 74534 74538 74646 74712 74769 74804 74819 74856 74878 74880 74883 74966 75002 75059 75068 75072 75083 75135 75173 75206 75210 75213 75216 75240 75248 75270 75293 75360 75378 75392 75461 75493 75584 75585 75598 75616 75618 75721 75773 75788 75801 75817 75870 75917 75985 76029 76032 76071 76128 76129 76130 76138 76148 76154 76186 76249 76281 76299 76336 76351 76384 76416 76429 76453 76486 76522 76566 76647 76661 76699 76723 76736 76827 76849 76854 76861 76866 76869 76885 76927 77019 77056 77079 77086 77094 77103 77116 77194 77219 77358 77521 77593 77609 77630 77638 77639 77716 77735 77737 77745 77806 77851 77863 77875 78053 78093 78123 78124 78170 78189 78197 78209 78212 78225 78235 78236 78271 78305 78340 78377 78407 78411 78447 78455 78621 78626 78657 78689 78714 78736 78746 78747 78773 78808 78817 78870 78875 78899 78902 78938 78988 78995 79103 79125 79232 79235 79266 79322 79360 79386 79405 79475 79586 79594 79602 79604 79619 79787 79814 79837 79865 79948 79993 80017 80021 80022 80046 80052 80100 80135 80164 80176 80180 80226 80235 80242 80253 80291 80309 80352 80374 80409 80462 80515 80556 80582 80604 80615 80627 80633 80635 80732 80735 80743 80773 80779 80886 80896 80910 80920 81058 81092 81103 81169 81185 81192 81263 81264 81265 81280 81352 81383 81562 81613 81630 81650 81688 81698 81706 81747 81800 81834 81854 81883 81895 81961 82033 82039 82040 82053 82057 82081 82178 82191 82206 82331 82337 82341 82418 82432 82461 82467 82492 82504 82543 82568 82611 82623 82724 82745 82773 82927 82930 82976 83001 83007 83008 83048 83130 83180 83184 83185 83192 83214 83218 83229 83312 83423 83465 83506 83535 83541 83583 83589 83599 83606 83653 83692 83707 83749 83754 83796 83825 83861 83876 83915 83991 83993 83997 84004 84076 84083 84194 84221 84254 84269 84286 84289 84304 84425 84460 84538 84547 84550 84551 84582 84585 84596 84615 84648 84685 84739 84901 84951 84978 84982 84991 84993 85021 85059 85085 85098 85104 85161 85192 85202 85216 85308 85318 85337 85353 85421 85448 85463 85483 85501 85517 85558 85565 85569 85571 85640 85656 85667 85674 85680 85689 85722 85747 85789 85790 85913 85948 85992 86000 86026 86133 86139 86141 86149 86150 86154 86190 86251 86263 86270 86299 86309 86428 86433 86461 86492 86497 86513 86549 86552 86555 86579 86649 86672 86682 86688 86703 86873 86951 87000 87012 87018 87077 87107 87123 87142 87177 87189 87242 87245 87264 87290 87322 87373 87380 87406 87438 87509 87571 87580 87586 87666 87724 87760 87779 87784 87868 87872 87884 87963 88012 88041 88084 88112 88199 88239 88240 88284 88340 88348 88438 88473 88485 88529 88538 88557 88575 88582 88608 88619 88637 88691 88762 88766 88771 88808 88832 88853 88899 88920 88931 88978 88986 88993 89011 89053 89075 89103 89114 89135 89166 89215 89268 89308 89315 89412 89414 89434 89630 89717 89732 89773 89785 89804 89807 89813 89921 89943 89963 90028 90097 90105 90132 90148 90211 90260 90397 90504 90535 90600 90601 90604 90761 90765 90778 90780 90786 90884 90900 90942 90953 90962 90975 90989 91037 91084 91089 91159 91174 91185 91212 91218 91235 91346 91391 91436 91452 91470 91471 91497 91518 91588 91621 91657 91718 91770 91811 91824 91891 91896 91898 92014 92029 92053 92097 92114 92128 92130 92178 92216 92247 92365 92381 92401 92447 92475 92501 92553 92584 92585 92613 92635 92719 92804 92809 92838 92876 92904 92915 92975 92998 93041 93090 93114 93201 93206 93282 93321 93343 93353 93357 93368 93530 93557 93597 93612 93617 93646 93744 93767 93781 93805 93902 93923 93933 93941 93979 94001 94039 94116 94125 94131 94151 94184 94205 94225 94247 94280 94421 94430 94447 94534 94542 94557 94587 94603 94617 94646 94647 94649 94664 94689 94704 94717 94781 94783 94810 94845 94878 94903 94912 94916 94921 94969 95031 95197 95223 95350 95402 95455 95473 95474 95502 95506 95514 95540 95554 95579 95667 95682 95769 95819 95822 95845 95848 95880 95951 95963 95966 96053 96080 96104 96132 96161 96178 96189 96231 96273 96328 96342 96371 96384 96391 96457 96464 96470 96488 96492 96584 96592 96631 96640 96659 96702 96720 96740 96754 96774 96786 96811 96899 96908 96922 96951 96998 97033 97090 97122 97134 97164 97176 97193 97253 97261 97353 97410 97455 97473 97475 97484 97634 97694 97746 97758 97779 97785 97786 97787 97799 97834 97850 97864 97896 97914 97947 97953 97968 97985 97990 98072 98109 98139 98148 98205 98225 98226 98300 98303 98330 98359 98360 98391 98401 98426 98479 98506 98561 98577 98601 98654 98663 98699 98709 98716 98732 98758 98772 98774 98780 98798 98819 98820 98828 98837 98888 98923 98957 99013 99027 99055 99087 99095 99169 99186 99223 99298 99306 99400 99413 99442 99446 99453 99519 99542 99624 99654 99658 99675 99802 99829 99881 99898 99966 99968 
comp : 33467
